1	0.009	0.008	0.007	0.006	0.006	0.007	0.007	0.006	0.006	0.006	0.007	0.007	0.006	0.006	0.007	0.006	0.006	0.007	0.007	0.007	0.007	0.007	0.006	0.007	0.007	0.007	0.007	0.007	0.007	0.007	0.007
2	0.023	0.024	0.025	0.027	0.023	0.023	0.024	0.023	0.026	0.024	0.021	0.019	0.022	0.021	0.021	0.021	0.022	0.029	0.023	0.023	0.023	0.024	0.022	0.023	0.023	0.023	0.025	0.019	0.019	0.02	0.019
3	0.056	0.053	0.054	0.059	0.07	0.068	0.069	0.071	0.07	0.071	0.067	0.054	0.054	0.054	0.053	0.055	0.07	0.072	0.072	0.073	0.074	0.069	0.068	0.065	0.069	0.072	0.072	0.071	0.074	0.075	0.071
4	0.195	0.201	0.197	0.2	0.201	0.214	0.208	0.167	0.165	0.187	0.197	0.169	0.195	0.223	0.207	0.206	0.205	0.209	0.198	0.208	0.205	0.206	0.207	0.205	0.215	0.213	0.21	0.214	0.212	0.209	0.213
5	0.416	0.425	0.418	0.416	0.416	0.416	0.417	0.417	0.441	0.496	0.521	0.487	0.455	0.524	0.499	0.568	0.533	0.518	0.416	0.414	0.416	0.413	0.413	0.414	0.441	0.414	0.415	0.414	0.46	0.54	0.521
6	1.503	1.659	1.49	1.599	1.586	1.576	1.507	1.501	1.515	1.484	1.487	1.395	1.369	1.376	1.429	1.367	1.419	1.506	1.349	1.476	1.301	1.277	1.275	1.293	1.369	1.281	1.346	1.498	1.255	1.241	1.176
7	3.278	3.861	3.443	3.254	3.269	3.45	3.263	3.881	3.679	3.561	4.01	3.916	4.453	4.146	5.621	3.887	3.99	3.622	4.532	3.99	3.393	3.299	3.374	3.35	3.412	3.316	3.279	3.388	3.4	3.436	3.515
8	8.235	8.989	8.163	9.048	8.118	8.863	10.407	8.375	8.342	8.011	8.078	8.163	8.199	9.111	8.732	8.138	8.617	8.151	8.647	8.173	8.55	8.266	8.565	8.094	8.757	8.323	8.569	8.167	8.374	8.132	8.18
9	22.664	22.642	22.139	22.26	22.192	22.461	22.311	22.232	22.311	23.254	22.893	22.886	22.187	22.121	22.629	22.649	22.262	24.926	23.747	22.7	22.218	22.476	23.179	22.388	22.276	22.35	22.408	22.469	22.567	22.134	22.184
10	49.989	49.977	50.04	51.205	49.947	50.28	49.707	51.588	50.458	50.698	52.402	51.323	50.415	50.31	50.018	51.004	50.326	50.354	50.212	51.811	50.311	50.588	50.573	50.551	50.385	50.32	50.02	50.609	50.476	50.93	50.424
11	167.495	167.53	167.591	167.008	167.833	182.53	188.205	173.05	175.258	171.814	171.469	169.668	174.628	170.952	171.666	168.314	169.584	167.215	168.043	172.443	168.284	168.151	169.309	169.478	169.951	168.648	171.942	170.834	169.645	170.434	170.667
12	515.42	523.452	520.441	517.961	517.06	516.778	521.258	517.964	517.481	517.826	518.141	518.806	518.267	519.362	520.763	515.303	517.755	515.044	519.314	540.866	516.256	515.869	519.559	517.593	524.327	522.45	515.816	517.94	517.448	516.105	517.368
1	0.011	0.008	0.005	0.005	0.006	0.007	0.006	0.007	0.006	0.007	0.006	0.006	0.006	0.007	0.006	0.007	0.006	0.006	0.008	0.005	0.012	0.006	0.006	0.006	0.006	0.005	0.006	0.007	0.006	0.006	0.006
2	0.012	0.013	0.013	0.012	0.013	0.012	0.013	0.019	0.013	0.012	0.012	0.013	0.013	0.013	0.013	0.013	0.013	0.013	0.013	0.014	0.013	0.013	0.014	0.012	0.015	0.013	0.015	0.012	0.013	0.013	0.013
3	0.031	0.032	0.032	0.034	0.033	0.032	0.032	0.034	0.036	0.036	0.034	0.034	0.032	0.036	0.032	0.034	0.032	0.032	0.034	0.033	0.034	0.034	0.04	0.037	0.035	0.04	0.034	0.035	0.037	0.033	0.035
4	0.049	0.044	0.046	0.048	0.051	0.05	0.049	0.049	0.051	0.049	0.049	0.05	0.05	0.05	0.091	0.051	0.05	0.049	0.052	0.05	0.05	0.05	0.05	0.05	0.052	0.049	0.052	0.049	0.067	0.047	0.047
5	0.125	0.124	0.122	0.127	0.122	0.124	0.124	0.123	0.126	0.124	0.121	0.122	0.121	0.11	0.12	0.124	0.124	0.125	0.132	0.124	0.122	0.125	0.124	0.12	0.087	0.099	0.125	0.149	0.119	0.121	0.089
6	0.099	0.1	0.101	0.099	0.099	0.114	0.099	0.099	0.099	0.099	0.1	0.1	0.099	0.1	0.099	0.1	0.13	0.108	0.135	0.127	0.133	0.102	0.099	0.098	0.098	0.1	0.099	0.099	0.152	0.122	0.122
7	0.385	0.407	0.412	0.406	0.398	0.401	0.417	0.495	0.417	0.422	0.417	0.424	0.42	0.422	0.42	0.436	0.411	0.413	0.397	0.405	0.417	0.418	0.409	0.411	0.454	0.417	0.416	0.418	0.404	0.407	0.416
8	0.354	0.375	0.373	0.371	0.372	0.328	0.341	0.318	0.331	0.329	0.336	0.357	0.35	0.353	0.358	0.355	0.367	0.361	0.364	0.369	0.364	0.407	0.365	0.357	0.363	0.36	0.375	0.344	0.322	0.343	0.347
9	1.552	1.532	1.517	1.562	1.57	1.37	1.553	1.272	1.387	1.229	1.161	1.162	1.267	1.553	1.515	1.653	1.534	1.195	1.218	1.212	1.399	1.536	1.512	1.514	1.52	1.513	1.587	1.506	1.581	1.556	1.552
10	0.858	0.894	0.901	0.918	0.856	0.875	0.864	0.883	0.884	0.823	0.836	0.849	0.878	0.842	0.852	0.849	0.863	0.833	0.823	0.865	0.882	0.823	0.846	0.849	0.863	0.85	0.87	0.861	0.886	0.873	0.858
11	6.37	6.169	5.247	5.676	6.358	5.966	5.731	6.24	6.128	5.389	5.041	5.107	5.391	5.285	5.561	6.552	6.084	4.94	5.164	4.992	4.91	5.055	4.841	4.925	5.033	5.427	4.931	4.938	5.274	5.045	5.26
12	1.796	1.877	1.843	1.825	1.821	1.814	1.687	1.767	1.783	1.893	1.896	1.878	1.728	1.9	1.717	1.743	1.752	1.833	1.755	1.8	1.849	1.831	1.813	1.72	1.723	2.068	2.136	1.672	1.643	1.656	1.646
1	0.01	0.01	0.008	0.008	0.009	0.009	0.008	0.009	0.009	0.009	0.008	0.009	0.008	0.009	0.009	0.008	0.077	0.011	0.007	0.008	0.009	0.008	0.008	0.008	0.008	0.008	0.009	0.009	0.008	0.009	0.007
2	0.019	0.019	0.019	0.017	0.018	0.019	0.017	0.017	0.018	0.018	0.019	0.019	0.018	0.018	0.018	0.019	0.019	0.019	0.018	0.019	0.018	0.02	0.02	0.02	0.02	0.02	0.019	0.018	0.019	0.02	0.019
3	0.055	0.048	0.046	0.048	0.046	0.048	0.05	0.05	0.05	0.053	0.051	0.051	0.052	0.051	0.051	0.053	0.053	0.05	0.051	0.052	0.057	0.051	0.05	0.052	0.054	0.042	0.055	0.052	0.051	0.055	0.052
4	0.139	0.142	0.202	0.135	0.139	0.138	0.139	0.136	0.136	0.129	0.126	0.134	0.144	0.15	0.15	0.15	0.106	0.1	0.099	0.099	0.099	0.101	0.095	0.094	0.094	0.094	0.093	0.094	0.109	0.11	0.1
5	0.31	0.24	0.24	0.241	0.241	0.267	0.303	0.242	0.24	0.24	0.241	0.241	0.241	0.241	0.27	0.3	0.242	0.239	0.239	0.24	0.241	0.242	0.24	0.242	0.272	0.292	0.311	0.311	0.308	0.341	0.308
6	0.641	0.517	0.504	0.529	0.535	0.585	0.565	0.495	0.493	0.492	0.49	0.568	0.603	0.492	0.491	0.5	0.51	0.502	0.491	0.518	0.491	0.492	0.495	0.491	0.496	0.531	0.502	0.535	0.493	0.518	0.502
7	1.381	1.255	1.24	1.272	1.264	1.276	1.279	1.413	1.572	1.648	1.318	1.337	1.293	1.267	1.33	1.491	1.663	1.708	1.517	1.356	1.277	1.483	1.428	1.234	1.233	1.597	1.63	1.571	1.271	1.241	1.285
8	3.157	4.047	4.098	4.093	4.312	4.173	4.146	4.106	4.074	4.048	4.035	3.981	4.153	4.083	4.35	4.061	3.486	3.952	4.074	3.544	3.613	3.282	3.247	3.705	3.669	3.246	3.345	3.356	3.277	3.283	3.261
9	9.826	10.824	8.316	8.459	8.449	8.332	8.355	10.567	8.733	8.326	8.753	8.857	9.229	8.382	8.494	8.451	8.379	8.263	8.271	8.267	8.272	8.242	8.317	8.333	8.366	8.55	8.603	8.828	8.316	8.495	8.598
10	17.659	17.878	17.938	17.503	18.881	17.946	17.454	17.512	17.417	23.534	18.734	17.627	17.59	17.487	17.543	19.191	17.898	18.07	17.487	17.564	17.584	17.442	17.931	17.39	17.388	17.385	17.345	17.396	17.495	17.513	17.392
11	45.547	45.456	45.918	48.373	46.693	46.03	45.768	46.434	46.364	45.981	45.546	45.701	45.904	46.31	46.276	46.212	47.618	46.361	45.525	45.646	47.165	45.959	45.907	45.759	45.624	47.228	45.813	45.516	46.09	47.43	45.636
12	105.11	105.633	105.16	107.264	105.332	105.225	105.876	105.759	107.353	115.077	107.651	105.842	105.428	105.088	105.348	108.31	105.651	105.676	106.874	104.958	115.228	105.633	107.248	105.611	107.132	107.075	107.794	105.902	106.926	108.313	106.199

